2024-06-13 09:33:05,177 - root - INFO - Scattering Cross-section Matrix (sigma_s):
[[0.2 0.  0.  0.  0.  0.  0. ]
 [0.  0.1 0.  0.  0.  0.  0. ]
 [0.  0.  0.2 0.  0.  0.  0. ]
 [0.  0.  0.  0.1 0.  0.  0. ]
 [0.  0.  0.  0.  0.3 0.  0. ]
 [0.  0.  0.  0.  0.  0.2 0. ]
 [0.  0.  0.  0.  0.  0.  0.4]]
2024-06-13 09:33:05,178 - root - INFO - Source Vector (s):
[0. 0. 1. 0. 0. 0. 0.]
2024-06-13 09:33:05,178 - root - INFO - Transition Matrix (K_trans):
[[1.00000000e+00 5.50500793e-03 1.03422212e-03 2.59575098e-04
  1.09723946e-04 2.98008723e-05 1.16868699e-05]
 [5.50500793e-03 1.00000000e+00 7.32558121e-03 1.03422212e-03
  3.45419749e-04 8.24550536e-05 2.98008723e-05]
 [1.03422212e-03 7.32558121e-03 1.00000000e+00 5.50500793e-03
  1.03422212e-03 1.95064792e-04 6.19631005e-05]
 [2.59575098e-04 1.03422212e-03 5.50500793e-03 1.00000000e+00
  7.32558121e-03 7.77194436e-04 1.95064792e-04]
 [1.09723946e-04 3.45419749e-04 1.03422212e-03 7.32558121e-03
  1.00000000e+00 4.13688846e-03 5.84043971e-04]
 [2.98008723e-05 8.24550536e-05 1.95064792e-04 7.77194436e-04
  4.13688846e-03 1.00000000e+00 5.50500793e-03]
 [1.16868699e-05 2.98008723e-05 6.19631005e-05 1.95064792e-04
  5.84043971e-04 5.50500793e-03 1.00000000e+00]]
2024-06-13 09:33:05,178 - root - INFO - Neutron Flux Vector (phi):
[1.62330725e-03 1.01775302e-02 1.25001574e+00 7.65172305e-03
 1.85579923e-03 3.08888035e-04 1.30504500e-04]
2024-06-13 09:33:05,180 - root - INFO - Data written to CSV file results.csv
